00000000
00000000
00000000
00000000
00000000
00000000
00000000
00000000
00000000
00000000
00000000
00000000
00000000
00000000
00000000
00000000
00000000
00000000
01111100
10000010
10000010
10101010
10000010
10000010
10111010
10010010
10000010
01111100
00000000
00000000
00000000
00000000
00000000
00000000
01111100
11111110
11111110
11010110
11111110
11111110
11000110
11101110
11111110
01111100
00000000
00000000
00000000
00000000
00000000
00000000
00000000
00000000
00000000
01101100
11111110
11111110
01111100
00111000
00010000
00000000
00000000
00000000
00000000
00000000
00000000
00000000
00000000
00000000
00010000
00111000
01111100
11111110
01111100
00111000
00010000
00000000
00000000
00000000
00000000
00000000
00000000
00000000
00000000
00000000
00111000
00111000
00111000
11101110
11101110
11101110
00010000
00111000
00000000
00000000
00000000
00000000
00000000
00000000
00000000
00000000
00010000
00111000
01111100
11111110
11111110
01010100
00010000
00111000
00000000
00000000
00000000
00000000
00000000
00000000
00000000
00000000
00000000
00000000
00011000
00111100
00111100
00011000
00000000
00000000
00000000
00000000
00000000
00000000
11111111
11111111
11111111
11111111
11111111
11111111
11100111
11000011
11000011
11100111
11111111
11111111
11111111
11111111
11111111
11111111
00000000
00000000
00000000
00000000
00000000
00111100
01100110
01000010
01000010
01100110
00111100
00000000
00000000
00000000
00000000
00000000
11111111
11111111
11111111
11111111
11111111
11000011
10011001
10111101
10111101
10011001
11000011
11111111
11111111
11111111
11111111
11111111
00000000
00000000
00011110
00000110
00001010
00010000
00010000
01111100
10000010
10000010
10000010
01111100
00000000
00000000
00000000
00000000
00000000
00000000
01111100
10000010
10000010
10000010
01111100
00010000
00010000
01111100
00010000
00010000
00000000
00000000
00000000
00000000
00000000
00000000
00011110
00010010
00011110
00010000
00010000
00010000
00010000
11110000
11110000
11100000
00000000
00000000
00000000
00000000
00000000
00000000
00111110
00100010
00111110
00100010
00100010
00100010
00101110
11101110
11101100
11000000
00000000
00000000
00000000
00000000
00000000
00000000
00010000
10010010
01111100
01000100
10000010
10000010
10000010
01000100
01111100
10010010
00010000
00000000
00000000
00000000
00000000
00000000
00000000
00000000
00000000
11000000
11100000
11110000
11111000
11110000
11100000
11000000
00000000
00000000
00000000
00000000
00000000
00000000
00000000
00000000
00000000
00011000
00111000
01111000
11111000
01111000
00111000
00011000
00000000
00000000
00000000
00000000
00000000
00000000
00010000
00111000
01010100
10010010
00010000
00010000
10010010
01010100
00111000
00010000
00000000
00000000
00000000
00000000
00000000
00000000
01000100
01000100
01000100
01000100
01000100
01000100
01000100
00000000
01000100
01000100
00000000
00000000
00000000
00000000
00000000
00000000
01111110
11110010
11110010
11110010
01110010
00010010
00010010
00010010
00010010
00010010
00000000
00000000
00000000
00000000
00000000
01111000
10000100
01000000
00110000
01001000
10000100
10000100
01001000
00110000
00001000
10000100
01111000
00000000
00000000
00000000
00000000
00000000
00000000
00000000
00000000
00000000
00000000
00000000
11111110
11111110
11111110
11111110
00000000
00000000
00000000
00000000
00000000
00000000
00010000
00111000
01010100
10010010
00010000
00010000
10010010
01010100
00111000
11111110
00000000
00000000
00000000
00000000
00000000
00000000
00010000
00111000
01010100
10010010
00010000
00010000
00010000
00010000
00010000
00010000
00000000
00000000
00000000
00000000
00000000
00000000
00010000
00010000
00010000
00010000
00010000
00010000
10010010
01010100
00111000
00010000
00000000
00000000
00000000
00000000
00000000
00000000
00000000
00000000
00010000
00001000
00000100
11111110
00000100
00001000
00010000
00000000
00000000
00000000
00000000
00000000
00000000
00000000
00000000
00000000
00010000
00100000
01000000
11111110
01000000
00100000
00010000
00000000
00000000
00000000
00000000
00000000
00000000
00000000
00000000
00000000
00000000
00000000
10000000
10000000
10000000
11111110
00000000
00000000
00000000
00000000
00000000
00000000
00000000
00000000
00000000
00000000
00000000
00100100
01000010
11111111
01000010
00100100
00000000
00000000
00000000
00000000
00000000
00000000
00000000
00000000
00000000
00000000
00000000
00010000
00111000
01111100
11111110
11111110
00000000
00000000
00000000
00000000
00000000
00000000
00000000
00000000
00000000
00000000
00000000
11111110
11111110
01111100
00111000
00010000
00000000
00000000
00000000
00000000
00000000
00000000
00000000
00000000
00000000
00000000
00000000
00000000
00000000
00000000
00000000
00000000
00000000
00000000
00000000
00000000
00000000
00000000
00000000
00000000
00010000
00010000
00010000
00010000
00010000
00010000
00010000
00000000
00010000
00010000
00000000
00000000
00000000
00000000
00000000
01001000
01001000
01001000
01001000
00000000
00000000
00000000
00000000
00000000
00000000
00000000
00000000
00000000
00000000
00000000
00000000
00000000
00000000
01000100
01000100
11111110
01000100
01000100
01000100
11111110
01000100
01000100
00000000
00000000
00000000
00000000
00000000
00010000
00010000
01111100
10010010
10010000
10000000
01111100
00000010
00010010
10010010
01111100
00010000
00010000
00000000
00000000
00000000
00000000
00000000
01100000
11110010
01100100
00001000
00010000
00100000
01001100
10011110
00001100
00000000
00000000
00000000
00000000
00000000
00000000
00110000
01001000
01001000
01001000
00110010
01001010
10000100
10000100
10000100
01111010
00000000
00000000
00000000
00000000
00000000
00010000
00010000
00010000
00100000
00000000
00000000
00000000
00000000
00000000
00000000
00000000
00000000
00000000
00000000
00000000
00000000
00000000
00001000
00010000
00100000
00100000
00100000
00100000
00100000
00100000
00010000
00001000
00000000
00000000
00000000
00000000
00000000
00000000
00100000
00010000
00001000
00001000
00001000
00001000
00001000
00001000
00010000
00100000
00000000
00000000
00000000
00000000
00000000
00000000
00000000
00000000
00010000
01010100
00111000
11111110
00111000
01010100
00010000
00000000
00000000
00000000
00000000
00000000
00000000
00000000
00000000
00000000
00010000
00010000
00010000
11111110
00010000
00010000
00010000
00000000
00000000
00000000
00000000
00000000
00000000
00000000
00000000
00000000
00000000
00000000
00000000
00000000
00000000
00000000
00010000
00010000
00010000
00100000
00000000
00000000
00000000
00000000
00000000
00000000
00000000
00000000
00000000
11111110
00000000
00000000
00000000
00000000
00000000
00000000
00000000
00000000
00000000
00000000
00000000
00000000
00000000
00000000
00000000
00000000
00000000
00000000
00110000
00110000
00000000
00000000
00000000
00000000
00000000
00000000
00000000
00000000
00000000
00000010
00000100
00001000
00010000
00100000
01000000
10000000
00000000
00000000
00000000
00000000
00000000
00000000
00111000
01000100
10000010
10000010
10010010
10010010
10000010
10000010
01000100
00111000
00000000
00000000
00000000
00000000
00000000
00000000
00010000
00110000
01010000
00010000
00010000
00010000
00010000
00010000
00010000
01111100
00000000
00000000
00000000
00000000
00000000
00000000
01111100
10000010
00000010
00000010
00000100
00001000
00010000
00100000
01000000
11111110
00000000
00000000
00000000
00000000
00000000
00000000
01111100
10000010
00000010
00000010
00111100
00000010
00000010
00000010
10000010
01111100
00000000
00000000
00000000
00000000
00000000
00000000
00000100
00001100
00010100
00100100
01000100
10000100
11111110
00000100
00000100
00000100
00000000
00000000
00000000
00000000
00000000
00000000
11111110
10000000
10000000
10000000
11111100
10000010
00000010
00000010
10000010
01111100
00000000
00000000
00000000
00000000
00000000
00000000
01111100
10000000
10000000
10000000
11111100
10000010
10000010
10000010
10000010
01111100
00000000
00000000
00000000
00000000
00000000
00000000
11111110
00000010
00000010
00000100
00001000
00010000
00010000
00010000
00010000
00010000
00000000
00000000
00000000
00000000
00000000
00000000
01111100
10000010
10000010
01000100
01111100
10000010
10000010
10000010
10000010
01111100
00000000
00000000
00000000
00000000
00000000
00000000
01111100
10000010
10000010
10000010
10000010
01111110
00000010
00000010
00000010
01111100
00000000
00000000
00000000
00000000
00000000
00000000
00000000
00000000
00000000
00010000
00010000
00000000
00000000
00000000
00010000
00010000
00000000
00000000
00000000
00000000
00000000
00000000
00000000
00000000
00000000
00010000
00010000
00000000
00000000
00000000
00010000
00010000
00010000
00100000
00000000
00000000
00000000
00000000
00000000
00000100
00001000
00010000
00100000
01000000
00100000
00010000
00001000
00000100
00000000
00000000
00000000
00000000
00000000
00000000
00000000
00000000
00000000
11111110
00000000
00000000
11111110
00000000
00000000
00000000
00000000
00000000
00000000
00000000
00000000
00000000
00000000
01000000
00100000
00010000
00001000
00000100
00001000
00010000
00100000
01000000
00000000
00000000
00000000
00000000
00000000
00000000
01111100
10000010
10000010
00000010
00001100
00010000
00010000
00000000
00010000
00010000
00000000
00000000
00000000
00000000
00000000
00000000
01111100
10000010
10000010
10111010
10101010
10101010
10011100
10000000
10000000
01111100
00000000
00000000
00000000
00000000
00000000
00000000
00111000
01000100
10000010
10000010
10000010
11111110
10000010
10000010
10000010
10000010
00000000
00000000
00000000
00000000
00000000
00000000
11111100
10000010
10000010
10000010
11111100
10000010
10000010
10000010
10000010
11111100
00000000
00000000
00000000
00000000
00000000
00000000
01111100
10000010
10000000
10000000
10000000
10000000
10000000
10000010
10000010
01111100
00000000
00000000
00000000
00000000
00000000
00000000
11111000
10000100
10000010
10000010
10000010
10000010
10000010
10000010
10000100
11111000
00000000
00000000
00000000
00000000
00000000
00000000
11111110
10000000
10000000
10000000
11111100
10000000
10000000
10000000
10000000
11111110
00000000
00000000
00000000
00000000
00000000
00000000
11111110
10000000
10000000
10000000
11111100
10000000
10000000
10000000
10000000
10000000
00000000
00000000
00000000
00000000
00000000
00000000
01111100
10000010
10000000
10000000
10011110
10000010
10000010
10000010
10000010
01111110
00000000
00000000
00000000
00000000
00000000
00000000
10000010
10000010
10000010
10000010
11111110
10000010
10000010
10000010
10000010
10000010
00000000
00000000
00000000
00000000
00000000
00000000
01111100
00010000
00010000
00010000
00010000
00010000
00010000
00010000
00010000
01111100
00000000
00000000
00000000
00000000
00000000
00000000
00111110
00000100
00000100
00000100
00000100
00000100
00000100
00000100
10000100
01111000
00000000
00000000
00000000
00000000
00000000
00000000
10000100
10001000
10010000
10100000
11000000
10100000
10010000
10001000
10000100
10000010
00000000
00000000
00000000
00000000
00000000
00000000
10000000
10000000
10000000
10000000
10000000
10000000
10000000
10000000
10000000
11111110
00000000
00000000
00000000
00000000
00000000
00000000
10000010
11000110
10101010
10010010
10010010
10000010
10000010
10000010
10000010
10000010
00000000
00000000
00000000
00000000
00000000
00000000
10000010
11000010
10100010
10010010
10001010
10000110
10000010
10000010
10000010
10000010
00000000
00000000
00000000
00000000
00000000
00000000
01111100
10000010
10000010
10000010
10000010
10000010
10000010
10000010
10000010
01111100
00000000
00000000
00000000
00000000
00000000
00000000
11111100
10000010
10000010
10000010
11111100
10000000
10000000
10000000
10000000
10000000
00000000
00000000
00000000
00000000
00000000
00000000
01111100
10000010
10000010
10000010
10000010
10000010
10010010
10010010
10010010
01111100
00001000
00000100
00000000
00000000
00000000
00000000
11111100
10000010
10000010
10000010
11111100
10000100
10000010
10000010
10000010
10000010
00000000
00000000
00000000
00000000
00000000
00000000
01111100
10000010
10000000
01100000
00110000
00001100
00000010
10000010
10000010
01111100
00000000
00000000
00000000
00000000
00000000
00000000
11111110
00010000
00010000
00010000
00010000
00010000
00010000
00010000
00010000
00010000
00000000
00000000
00000000
00000000
00000000
00000000
10000010
10000010
10000010
10000010
10000010
10000010
10000010
10000010
10000010
01111100
00000000
00000000
00000000
00000000
00000000
00000000
10000010
10000010
10000010
10000010
10000010
10000010
10000010
01000100
00101000
00010000
00000000
00000000
00000000
00000000
00000000
00000000
10000010
10000010
10000010
10000010
10000010
10010010
10010010
10010010
10101010
01000100
00000000
00000000
00000000
00000000
00000000
00000000
10000010
10000010
01000100
00101000
00010000
00101000
01000100
10000010
10000010
10000010
00000000
00000000
00000000
00000000
00000000
00000000
10000010
10000010
10000010
01000100
00101000
00010000
00010000
00010000
00010000
00010000
00000000
00000000
00000000
00000000
00000000
00000000
11111110
00000010
00000100
00001000
00010000
00100000
01000000
10000000
10000000
11111110
00000000
00000000
00000000
00000000
00000000
00000000
00111000
00100000
00100000
00100000
00100000
00100000
00100000
00100000
00100000
00111000
00000000
00000000
00000000
00000000
00000000
00000000
00000000
00000000
00000000
10000000
01000000
00100000
00010000
00001000
00000100
00000010
00000000
00000000
00000000
00000000
00000000
00000000
00111000
00001000
00001000
00001000
00001000
00001000
00001000
00001000
00001000
00111000
00000000
00000000
00000000
00000000
00010000
00101000
01000100
10000010
00000000
00000000
00000000
00000000
00000000
00000000
00000000
00000000
00000000
00000000
00000000
00000000
00000000
00000000
00000000
00000000
00000000
00000000
00000000
00000000
00000000
00000000
00000000
00000000
00000000
11111110
00000000
00000000
00000000
00100000
00100000
00100000
00010000
00000000
00000000
00000000
00000000
00000000
00000000
00000000
00000000
00000000
00000000
00000000
00000000
00000000
00000000
00000000
00000000
01111000
00000100
00000100
01111100
10000100
10000100
01111110
00000000
00000000
00000000
00000000
00000000
00000000
10000000
10000000
10000000
10111100
11000010
10000010
10000010
10000010
10000010
11111100
00000000
00000000
00000000
00000000
00000000
00000000
00000000
00000000
00000000
01111100
10000010
10000000
10000000
10000000
10000010
01111100
00000000
00000000
00000000
00000000
00000000
00000000
00000010
00000010
00000010
01111010
10000110
10000010
10000010
10000010
10000010
01111110
00000000
00000000
00000000
00000000
00000000
00000000
00000000
00000000
00000000
01111100
10000010
10000010
11111110
10000000
10000000
01111100
00000000
00000000
00000000
00000000
00000000
00000000
00011100
00100000
00100000
11111000
00100000
00100000
00100000
00100000
00100000
00100000
00000000
00000000
00000000
00000000
00000000
00000000
00000000
00000000
00000000
01111110
10000010
10000010
10000010
10000010
10000110
01111010
00000010
00000010
01111100
00000000
00000000
00000000
10000000
10000000
10000000
10111100
11000010
10000010
10000010
10000010
10000010
10000010
00000000
00000000
00000000
00000000
00000000
00000000
00010000
00010000
00000000
01110000
00010000
00010000
00010000
00010000
00010000
01111100
00000000
00000000
00000000
00000000
00000000
00000000
00001000
00001000
00000000
00111000
00001000
00001000
00001000
00001000
00001000
00001000
00001000
00001000
01110000
00000000
00000000
00000000
10000000
10000000
10000000
10000110
10011000
11100000
10010000
10001000
10000100
10000010
00000000
00000000
00000000
00000000
00000000
00000000
01100000
00100000
00100000
00100000
00100000
00100000
00100000
00100000
00100000
00011100
00000000
00000000
00000000
00000000
00000000
00000000
00000000
00000000
00000000
11101100
10010010
10010010
10010010
10010010
10010010
10010010
00000000
00000000
00000000
00000000
00000000
00000000
00000000
00000000
00000000
10111100
11000010
10000010
10000010
10000010
10000010
10000010
00000000
00000000
00000000
00000000
00000000
00000000
00000000
00000000
00000000
01111100
10000010
10000010
10000010
10000010
10000010
01111100
00000000
00000000
00000000
00000000
00000000
00000000
00000000
00000000
00000000
10111100
11000010
10000010
10000010
10000010
11000010
10111100
10000000
10000000
10000000
00000000
00000000
00000000
00000000
00000000
00000000
01111110
10000010
10000010
10000010
10000010
10000110
01111010
00000010
00000010
00000010
00000000
00000000
00000000
00000000
00000000
00000000
10111100
11000010
10000000
10000000
10000000
10000000
10000000
00000000
00000000
00000000
00000000
00000000
00000000
00000000
00000000
00000000
01111110
10000000
10000000
01111100
00000010
00000010
11111100
00000000
00000000
00000000
00000000
00000000
00000000
00000000
00100000
00100000
11111100
00100000
00100000
00100000
00100000
00100000
00011100
00000000
00000000
00000000
00000000
00000000
00000000
00000000
00000000
00000000
10000010
10000010
10000010
10000010
10000010
10000110
01111010
00000000
00000000
00000000
00000000
00000000
00000000
00000000
00000000
00000000
10000010
10000010
10000010
10000010
01000100
00101000
00010000
00000000
00000000
00000000
00000000
00000000
00000000
00000000
00000000
00000000
10000010
10000010
10000010
10010010
10010010
10010010
01101100
00000000
00000000
00000000
00000000
00000000
00000000
00000000
00000000
00000000
10000010
01000100
00101000
00010000
00101000
01000100
10000010
00000000
00000000
00000000
00000000
00000000
00000000
00000000
00000000
00000000
10000010
10000010
10000010
10000010
10000010
10000110
01111010
00000010
00000010
01111100
00000000
00000000
00000000
00000000
00000000
00000000
11111110
00000100
00001000
00010000
00100000
01000000
11111110
00000000
00000000
00000000
00000000
00000000
00000000
00001100
00010000
00010000
00010000
01100000
00010000
00010000
00010000
00010000
00001100
00000000
00000000
00000000
00000000
00000000
00010000
00010000
00010000
00010000
00010000
00010000
00010000
00010000
00010000
00010000
00010000
00010000
00010000
00010000
00000000
00000000
00000000
01100000
00010000
00010000
00010000
00001100
00010000
00010000
00010000
00010000
01100000
00000000
00000000
00000000
00000000
00000000
00000000
01100010
10010010
10001100
00000000
00000000
00000000
00000000
00000000
00000000
00000000
00000000
00000000
00000000
00000000
00000000
00000000
00000000
00000000
00000000
00010000
00101000
01000100
10000010
10000010
10000010
11111110
00000000
00000000
00000000
00000000
00000000
00000000
00000000
00111100
11000010
11000010
11000010
11000010
11000010
11000010
00000000
00000000
00000000
00000000
00000000
00000000
00000000
00000000
00000000
11001000
11001000
11001000
11001000
11001000
11001000
00110000
00000000
00000000
00000000
00000000
00000000
00000000
00000000
00000000
00000000
10000100
00100100
00100100
00100100
00100100
00100100
00011000
00000000
00000000
00000000
00000000
00000000
00000000
00000000
00000000
00000000
00111100
11000010
11000010
11000010
11110010
11000010
11000010
00000000
00000000
00000000
00000000
00000000
00000000
00000000
00000000
00000000
00100100
11000010
11000010
11000010
11110010
11000010
11000010
00000000
00000000
00000000
00000000
00000000
00000000
00000000
00000000
00000000
10000010
00100010
00100010
00100010
00100010
01110000
00100100
00000000
00000000
00000000
00000000
00000000
00000000
00000000
00000000
00000000
00011000
00001000
00001000
11001000
11001000
11001000
00110000
00000000
00000000
00000000
00000000
00000000
00000000
00000000
00000000
00000000
00111100
00000010
11000010
00000010
00001110
00000010
00000010
00000000
00000000
00000000
00000000
00000000
00000000
00000000
00000000
00000000
00111100
11000000
11000010
00000010
11000010
11001111
00100010
00000000
00000000
00000000
00000000
00000000
00000000
00000000
00000000
00000000
11001000
11110000
11000000
11001000
11001000
01001000
00110000
00000000
00000000
00000000
00000000
00000000
00000000
00000000
00000000
00000000
10000100
00011000
00111000
00100100
00100100
00100100
00011000
00000000
00000000
00000000
00000000
00000000
00000000
00000000
00000000
00000000
00111100
11000010
11000010
11000010
11000010
11000111
11100010
00000000
00000000
00000000
00000000
00000000
00000000
00000000
00000000
00000000
00111100
11000010
11000010
11000010
11000010
11000001
11100000
00000001
00000000
00000000
00000000
00000000
00000000
00000000
00000000
00000000
00111100
11000010
11000010
11000010
11000010
11000010
11000010
00000010
00100100
00000000
00000000
00000000
00000000
00000000
00000000
00000000
00111100
11000010
11000010
11000010
11000010
11000010
11000010
00000110
00000010
00000000
00000000
00000000
00000000
00000000
00000000
00000000
00111110
00000010
00000010
00000010
00001110
00000010
00000010
00000000
00000000
00000000
00000000
00000000
00000000
00000000
00000000
00000000
10000010
00100001
00100001
00110001
00100001
00100001
00100001
00000000
00000000
00000000
00000000
00000000
00000000
00000000
00000000
00000000
00100100
11000010
11000010
11000010
11000010
11000111
00100010
00000000
00000000
00000000
00000000
00000000
00000000
00000000
00000000
00000000
00111100
11000010
11000010
11000010
11000010
11000010
11100001
00000000
00000000
00000000
00000000
00000000
00000000
00000000
00000000
00000000
00111100
11000010
11000010
11000010
11000010
11000010
00110010
00000000
00000000
00000000
00000000
00000000
00000000
00000000
00000000
00000000
00100100
11000010
11000010
11000010
11000010
11000010
00110010
00000000
00000000
00000000
00000000
00000000
00000000
00000000
00000000
00000000
00111100
11000010
11000010
11000010
11000010
11000010
11100010
00000000
00000000
00000000
00000000
00000000
00000000
00000000
00000000
00000000
11000100
11000010
11100010
11000010
11000010
11000010
11000010
00000000
00000000
00000000
00000000
00000000
00000000
00000000
00000000
00000000
00111110
11000000
00000000
00111100
00000010
11000010
11111100
00000000
00000000
00000000
00000000
00000000
00000000
00000000
00000000
00000000
11000010
11000010
11000010
11000010
11000010
01000011
00100010
00000000
00000000
00000000
00000000
00000000
00000000
00000000
00000000
00000000
11000010
11000010
11000010
11000010
11000010
11000010
00111100
00000000
00000000
00000000
00000000
00000000
00000000
00000000
00000010
00000010
00000010
11000010
11000010
11000010
11000010
11000010
00111100
00000000
00000000
00000000
00000000
00000000
00000000
00000000
00000000
00000000
00100010
11000010
11000010
11000010
11000010
11000010
00100100
00000000
00000000
00000000
00000000
00000000
00000000
00000000
00000010
00000010
00100010
11000010
11000010
11000010
11000010
11000010
00100100
00000000
00000000
00000000
00000000
00000000
00000000
00000000
00000000
00000000
11000010
11000010
11000010
11000010
11000010
11000010
00100100
00000000
00000000
00000000
00000000
00000000
00000000
00000000
00000010
00000010
00000010
11000010
11000010
11000010
11000010
11000010
00100100
00000000
00000000
00000000
00000000
00000000
00000000
00000000
00000000
00000000
00011110
00100001
00100001
00100001
00100001
00100001
11100001
00000000
00000000
00000000
00000000
00000000
00000000
00000000
00000000
00000000
11100001
00100001
00100001
00100001
00100001
11111001
00100010
00000000
00000000
00000000
00000000
00000000
00000000
00000000
00000000
00000000
00100010
11000010
00000010
00110010
11000010
11000010
00111100
00000000
00000000
00000000
00000000
00000000
00000000
00000000
00000000
00000000
00111100
11000000
00000000
00111000
00000100
00000100
00011000
00000000
00000000
00000000
00000000
00000000
00000000
00000000
00000000
00000000
00111100
11000010
11000010
11000010
11000010
11000010
11100010
00000010
00000010
00000000
00000000
00000000
00000000
00000000
00000000
00000000
11111100
00000010
00000010
00111110
11000010
01000010
00100010
00000000
00000000
00000000
00000000
00000000
00000000
00000000
00000000
00000000
00011110
00100001
00100001
00100001
00100001
00100001
11100001
00000001
00000001
00000000
00000000
00000000
00000000
00000000
00000000
00000000
11111000
00000100
00000100
00000100
00000100
00000100
00011000
00000000
00000000
00000000
00000000
00000000
00000000
00000000
00000000
00000010
00111110
11000010
11000010
11000010
11110010
11000010
11000010
00000000
00000000
00000000
00000000
00000000
00000000
00000000
00000000
00000000
11000010
11000010
11000010
11001110
11000010
11000010
00111100
00000000
00000000
00000000
00000000
00000000
00000000
00000000
00000000
00000010
11111110
00000010
00000010
00111110
11000010
01000010
00100010
00000000
00000000
00000000
00000000
00000000
00000000
00000000
00000000
00000000
00000000
11000010
11000010
11000100
11000010
11100010
11000010
00000000
00000000
00000000
00000000
00000000
00000000
00000000
00000000
00000000
11000010
11000100
11000100
11000010
11000010
01000010
00100100
00000000
00000000
00000000
00000000
00000000
00000000
00000000
00000000
00000000
11111100
00000010
00000010
11100010
11000010
11000010
00111100
00000000
00000000
00000000
00000000
00000000
00000000
00000000
00000000
00000010
11111110
00000010
00000010
11100010
11000010
11000010
00111100
00000000
00000000
00000000
00000000
00000000
00000000
00000000
00000000
00000000
00100010
11000110
00110010
00110010
00000010
00000010
00011100
00000000
00000000
00000000
00000000
00000000
00000000
00000000
00000000
00000000
00000000
00000000
11000000
11110000
00000000
11000000
11110000
00000000
00000000
00000000
00000000
00000000
00000000
00000000
00000000
00000000
00000100
00000111
00000000
00000000
00000000
00000000
00000000
00000000
00000000
00000000
00000000
00000000
00000000
00000000
00000000
00000000
11111000
00000100
00000100
00000100
00000100
00000100
00000100
00000000
00000000
00000000
00000000
00000000
00000000
00000000
00000000
00000000
11111000
00000100
00000100
00000100
00000100
00000100
00000100
00000000
00000000
00000000
00000000
00000000
00000000
00000000
00000000
00000000
00000000
00001111
00000000
00000000
00000000
00000000
00000000
00000000
00000000
00000000
00000000
00000000
00000000
00000000
00000000
00000000
00000001
00001111
00000000
00000000
00000000
00000000
00000000
00000000
00000000
00000000
00000000
00000000
00000000
00000000
00000000
00000000
00000011
00001111
00000000
00000000
00000000
00000000
00000000
00000000
00000000
00000000
00000000
00000000
00000000
00000000
00000000
00000000
00000000
00001111
00000000
00000000
00000000
00000000
00000000
00000000
00000000
00000000
00000000
00000000
00000000
00000000
00000000
00000000
00000000
00000000
00000000
00000000
00000000
00000000
00000000
00000000
00000001
00000001
00000000
00000000
00000000
00000000
00000000
00000000
00000000
00000000
00000000
00000000
00000000
00000000
00000000
00000000
00001001
00001111
00000000
00000000
00000000
00000000
00000000
00000000
11000000
11000000
11000000
11000000
11000000
11000000
11000000
00000000
00000000
00000000
00000000
00000000
00000000
00000000
00000000
00000000
11001000
11001000
11001000
11001000
11001000
11001000
11001000
00000000
00000000
00000000
00000000
00000000
00000000
00000000
00000000
00000000
00000000
00000000
11111100
00000100
11100100
00100100
00100100
00100100
00100100
00100100
00100100
00100100
00100100
00100100
00100100
00100100
00100100
00100100
11100100
00000100
11111100
00000000
00000000
00000000
00000000
00000000
00000000
00000000
00000000
00100100
00100100
00100100
00100100
00100100
00100100
00100100
11111100
00000000
00000000
00000000
00000000
00000000
00000000
00000000
00000000
00001000
00001000
00001000
00001000
00001000
11111000
00001000
11111000
00000000
00000000
00000000
00000000
00000000
00000000
00000000
00000000
00000000
00000000
00000000
00000000
00000000
00000000
00000000
11111000
00001000
00001000
00001000
00001000
00001000
00001000
00001000
00001000
00001000
00001000
00001000
00001000
00001000
00001000
00001000
00001111
00000000
00000000
00000000
00000000
00000000
00000000
00000000
00000000
00001000
00001000
00001000
00001000
00001000
00001000
00001000
11111111
00000000
00000000
00000000
00000000
00000000
00000000
00000000
00000000
00000000
00000000
00000000
00000000
00000000
00000000
00000000
11111111
00001000
00001000
00001000
00001000
00001000
00001000
00001000
00001000
00001000
00001000
00001000
00001000
00001000
00001000
00001000
00001111
00001000
00001000
00001000
00001000
00001000
00001000
00001000
00001000
00000000
00000000
00000000
00000000
00000000
00000000
00000000
11111111
00000000
00000000
00000000
00000000
00000000
00000000
00000000
00000000
00001000
00001000
00001000
00001000
00001000
00001000
00001000
11111111
00001000
00001000
00001000
00001000
00001000
00001000
00001000
00001000
00001000
00001000
00001000
00001000
00001000
00001111
00001000
00001111
00001000
00001000
00001000
00001000
00001000
00001000
00001000
00001000
00100100
00100100
00100100
00100100
00100100
00100100
00100100
00100111
00100100
00100100
00100100
00100100
00100100
00100100
00100100
00100100
00100100
00100100
00100100
00100100
00100100
00100111
00100000
00111111
00000000
00000000
00000000
00000000
00000000
00000000
00000000
00000000
00000000
00000000
00000000
00000000
00000000
00111111
00100000
00100111
00100100
00100100
00100100
00100100
00100100
00100100
00100100
00100100
00100100
00100100
00100100
00100100
00100100
11100111
00000000
11111111
00000000
00000000
00000000
00000000
00000000
00000000
00000000
00000000
00000000
00000000
00000000
00000000
00000000
11111111
00000000
11100111
00100100
00100100
00100100
00100100
00100100
00100100
00100100
00100100
00100100
00100100
00100100
00100100
00100100
00100111
00100000
00100111
00100100
00100100
00100100
00100100
00100100
00100100
00100100
00100100
00000000
00000000
00000000
00000000
00000000
11111111
00000000
11111111
00000000
00000000
00000000
00000000
00000000
00000000
00000000
00000000
00100100
00100100
00100100
00100100
00100100
11100111
00000000
11100111
00100100
00100100
00100100
00100100
00100100
00100100
00100100
00100100
00001000
00001000
00001000
00001000
00001000
11111111
00000000
11111111
00000000
00000000
00000000
00000000
00000000
00000000
00000000
00000000
00100100
00100100
00100100
00100100
00100100
00100100
00100100
11111111
00000000
00000000
00000000
00000000
00000000
00000000
00000000
00000000
00000000
00000000
00000000
00000000
00000000
11111111
00000000
11111111
00001000
00001000
00001000
00001000
00001000
00001000
00001000
00001000
00000000
00000000
00000000
00000000
00000000
00000000
00000000
11111111
00100100
00100100
00100100
00100100
00100100
00100100
00100100
00100100
00100100
00100100
00100100
00100100
00100100
00100100
00100100
00111111
00000000
00000000
00000000
00000000
00000000
00000000
00000000
00000000
00001000
00001000
00001000
00001000
00001000
00001111
00001000
00001111
00000000
00000000
00000000
00000000
00000000
00000000
00000000
00000000
00000000
00000000
00000000
00000000
00000000
00001111
00001000
00001111
00001000
00001000
00001000
00001000
00001000
00001000
00001000
00001000
00000000
00000000
00000000
00000000
00000000
00000000
00000000
00111111
00100100
00100100
00100100
00100100
00100100
00100100
00100100
00100100
00100100
00100100
00100100
00100100
00100100
00100100
00100100
11111111
00100100
00100100
00100100
00100100
00100100
00100100
00100100
00100100
00001000
00001000
00001000
00001000
00001000
11111111
00001000
11111111
00001000
00001000
00001000
00001000
00001000
00001000
00001000
00001000
00001000
00001000
00001000
00001000
00001000
00001000
00001000
11111000
00000000
00000000
00000000
00000000
00000000
00000000
00000000
00000000
00000000
00000000
00000000
00000000
00000000
00000000
00000000
00001111
00001000
00001000
00001000
00001000
00001000
00001000
00001000
00001000
11111111
11111111
11111111
11111111
11111111
11111111
11111111
11111111
11111111
11111111
11111111
11111111
11111111
11111111
11111111
11111111
00000000
00000000
00000000
00000000
00000000
00000000
00000000
11111111
11111111
11111111
11111111
11111111
11111111
11111111
11111111
11111111
11110000
11110000
11110000
11110000
11110000
11110000
11110000
11110000
11110000
11110000
11110000
11110000
11110000
11110000
11110000
11110000
00001111
00001111
00001111
00001111
00001111
00001111
00001111
00001111
00001111
00001111
00001111
00001111
00001111
00001111
00001111
00001111
11111111
11111111
11111111
11111111
11111111
11111111
11111111
00000000
00000000
00000000
00000000
00000000
00000000
00000000
00000000
00000000
00000000
00000000
00000000
00000000
00000000
01110100
10001000
10001000
10001000
10001000
10001000
01110110
00000000
00000000
00000000
00000000
00000000
00000000
00111000
01000100
10000100
10000100
10011000
10000100
10000010
10000010
10000010
10011100
10000000
10000000
00000000
00000000
00000000
00000000
11111110
10000000
10000000
10000000
10000000
10000000
10000000
10000000
10000000
10000000
00000000
00000000
00000000
00000000
00000000
00000000
00000000
00000000
00000000
11111110
01000100
01000100
01000100
01000100
01000100
01000010
00000000
00000000
00000000
00000000
00000000
00000000
11111110
01000000
00100000
00010000
00001000
00010000
00100000
01000000
10000000
11111110
00000000
00000000
00000000
00000000
00000000
00000000
00000000
00000000
00000000
01111110
10001000
10000100
10000100
10000100
10000100
01111000
00000000
00000000
00000000
00000000
00000000
00000000
00000000
00000000
00000000
10000100
10000100
10000100
10000100
10000100
11000100
10111010
10000000
10000000
10000000
00000000
00000000
00000000
00000000
00000000
00000000
01111110
10010000
00010000
00010000
00010000
00010000
00001100
00000000
00000000
00000000
00000000
00000000
00000000
00010000
01111100
10010010
10010010
10010010
10010010
10010010
10010010
01111100
00010000
00000000
00000000
00000000
00000000
00000000
00000000
00111000
01000100
10000010
10000010
11111110
10000010
10000010
10000010
01000100
00111000
00000000
00000000
00000000
00000000
00000000
00000000
00111000
01000100
10000010
10000010
10000010
10000010
10000010
01000100
00101000
11101110
00000000
00000000
00000000
00000000
00000000
00000000
01111100
01000000
00100000
00010000
01111000
10000100
10000010
10000010
10000010
01111100
00000000
00000000
00000000
00000000
00000000
00000000
00000000
00000000
00000000
01101100
10010010
10010010
10010010
01101100
00000000
00000000
00000000
00000000
00000000
00000000
00000000
00000000
00000000
00010000
00010000
01111100
10010010
10010010
10010010
10010010
10010010
01111100
00010000
00010000
00010000
00000000
00000000
00000000
00000000
00000000
00000000
01111100
10000010
10000000
01111000
10000000
10000010
01111100
00000000
00000000
00000000
00000000
00000000
00000000
00000000
01111100
10000010
10000010
10000010
10000010
10000010
10000010
10000010
10000010
00000000
00000000
00000000
00000000
00000000
00000000
00000000
00000000
11111110
00000000
00000000
11111110
00000000
00000000
11111110
00000000
00000000
00000000
00000000
00000000
00000000
00000000
00010000
00010000
00010000
11111110
00010000
00010000
00010000
00000000
11111110
00000000
00000000
00000000
00000000
00000000
00000000
00000000
00000000
00100000
00010000
00001000
00000100
00001000
00010000
00100000
00000000
01111100
00000000
00000000
00000000
00000000
00000000
00000000
00000000
00001000
00010000
00100000
01000000
00100000
00010000
00001000
00000000
01111100
00000000
00000000
00000000
00000000
00000000
00000000
00001100
00010010
00010010
00010000
00010000
00010000
00010000
00010000
00010000
00010000
00010000
00010000
00010000
00010000
00010000
00010000
00010000
00010000
00010000
00010000
00010000
00010000
00010000
10010000
10010000
01100000
00000000
00000000
00000000
00000000
00000000
00000000
00000000
00000000
00010000
00010000
00000000
11111110
00000000
00010000
00010000
00000000
00000000
00000000
00000000
00000000
00000000
00000000
00000000
00000000
00000000
01100100
10011000
00000000
01100100
10011000
00000000
00000000
00000000
00000000
00000000
00000000
00000000
01110000
10001000
10001000
10001000
01110000
00000000
00000000
00000000
00000000
00000000
00000000
00000000
00000000
00000000
00000000
00000000
00000000
00000000
00000000
00000000
00000000
00000000
00110000
00110000
00000000
00000000
00000000
00000000
00000000
00000000
00000000
00000000
00000000
00000000
00000000
00000000
00000000
00000000
00000000
00110000
00000000
00000000
00000000
00000000
00000000
00000000
00000000
00000000
00001110
00001000
00001000
00001000
00001000
00001000
00001000
11001000
00101000
00011000
00001000
00000000
00000000
00000000
00000000
00000000
10111000
01000100
01000100
01000100
01000100
01000100
00000000
00000000
00000000
00000000
00000000
00000000
00000000
00000000
00000000
00000000
01100000
10010000
00010000
00100000
01000000
11110000
00000000
00000000
00000000
00000000
00000000
00000000
00000000
00000000
00000000
00000000
00000000
00000000
00000000
01111100
01111100
01111100
01111100
01111100
01111100
01111100
00000000
00000000
00000000
00000000
00000000
00000000
00000000
00000000
00000000
00000000
00000000
00000000
00000000
00000000
00000000
00000000
00000000
00000000
00000000
00000000
00000000
